% 5x + 6y =10
% 8x - 2y = 6
% x - 7y = 16

A = [5 6; 8 -2; 1 -7];
C = [10; 6; 16];

X = A\C

% x =  1.3307; y = -0.8238